00000074

00000078

0000007c

00000068

0000006c

00000070

0000005c

00000060

00000064

00000050

00000054

00000058

00000050

00000054

00000058

00000050

00000054

00000058

00000050

00000054

00000058

0000005c

00000060

00000064

0000005c

00000060

00000064

0000005c

00000060

00000064

00000068

0000006c

00000070

00000068

0000006c

00000070

0000005c

00000060

00000064

0000005c

00000060

00000064

0000005c

00000060

00000064

0000005c

00000060

00000064

00000068

0000006c

00000070

00000074

00000078

0000007c

